1462
2793
1461
2792
1460
2791
2790
1459
1458
2789
1457
2788
1456
2787
1455
2786
1454
2785
1453
2784
1452
2783
1473
1472
1471
1470
0
1469
1468
2799
1467
2798
2797
1465
2796
1464
2795
1463
2794
1484
1000
1483
1482
1481
1480
1479
1478
1477
1476
1475
1474
1011
1495
1010
1494
1493
1492
1491
1490
1008
1007
1006
1005
1489
1488
1004
1003
1487
1002
1486
1485
1001
1009
1022
3200
1021
1020
1019
1018
1017
1016
1499
1015
1014
1498
1497
1013
1496
1012
1033
3211
1032
3210
1031
1030
3208
1029
3207
1028
3206
1027
3205
1026
3204
1025
3203
1024
3202
601
1023
3201
606
3209
1044
3222
1043
3221
1042
3220
1041
1040
3219
3218
1039
3217
1038
3216
1037
3215
1036
3214
1035
3213
1034
3212
1055
3233
1054
3232
1053
3231
1052
1051
1050
3229
3228
1049
3227
1048
3226
1047
3225
1046
3224
1045
3223
629
1066
3244
1065
3243
1064
3242
1063
3241
1062
3240
1061
1060
3239
3238
1059
3237
1058
3236
1057
3235
1056
3234
637
1077
3255
1076
3254
1075
3253
1074
3252
1073
3251
1072
3250
1071
1070
641
3249
3248
1069
3247
1068
3246
1067
3245
649
1080
1088
3266
1087
3265
1086
3264
1085
3263
1084
3262
1083
3261
1082
3260
1081
651
3259
3258
1079
3257
1078
3256
1091
1090
1099
3277
1098
3276
1097
3275
3274
1095
3273
1094
3272
1093
3271
1092
3270
3269
3268
1089
3267
3280
3288
3287
3286
3285
3284
3283
3282
3281
3279
3278
3291
3290
3299
3298
3297
3296
3295
3294
3293
3292
3289
697
1909
1908
1907
1906
1905
1904
1903
1902
1901
1900
1910
1911
2801
2800
2809
2808
2807
2806
2805
2804
2803
2802
2812
2811
2810
2819
2818
2817
2816
2815
2814
2813
2823
2822
2821
2820
2829
2828
2827
2826
2825
2824
1503
2834
1502
2833
1501
2832
1500
2831
2830
1509
1508
2839
1507
2838
1506
2837
1505
2836
1504
2835
1514
2845
1513
2844
1512
2843
1511
1510
2841
2840
1519
1518
2849
1517
2848
1516
2847
1515
2846
1525
2856
1524
2855
1523
2854
1522
2853
1521
2852
1520
2851
2850
1529
1528
2859
1527
2858
1526
2857
2870
1536
2867
1535
2866
1534
2865
1533
2864
1532
2863
1531
2862
1530
2861
2860
1539
1538
2869
1537
2868
1550
2881
2880
1547
2878
1546
2877
1545
2876
1544
2875
1543
2874
1542
2873
1541
2872
1540
2871
1549
1548
2879
1561
2892
2891
2890
1558
2889
1557
2888
1556
2887
1555
2886
1554
2885
1553
2884
1552
2883
1551
2882
1559
1572
1571
1570
1569
1568
2899
1567
2898
1566
2897
1565
2896
1564
2895
1563
2894
1562
2893
1583
1582
1580
1579
1578
1577
1576
1575
1574
1573
1110
1594
1593
1592
1591
1590
1107
1106
1589
1105
1588
1104
1587
1103
1102
1586
1101
1585
1100
1584
1109
1108
1121
1120
1118
1117
1116
1115
1599
1114
1598
1597
1113
1596
1112
1595
1111
1132
3310
1131
1130
1129
3307
1128
3306
1127
3305
1126
3304
1125
3303
1124
3302
1123
3301
1122
3300
703
3309
708
3308
1143
3321
1142
3320
1141
1140
3318
1139
3317
1138
3316
1137
3315
1136
3314
1135
3313
1134
3312
1133
3311
713
719
3319
1154
3332
1153
3331
1152
3330
1151
1150
3329
3328
1149
3327
1148
3326
1147
3325
1146
3324
3323
1144
3322
729
1165
3343
1164
3342
1163
3341
1162
3340
1161
1160
3339
3338
1159
3337
1158
3336
1157
3335
1156
3334
1155
3333
1176
3354
1175
3353
1174
3352
1173
3351
1172
3350
1171
1170
3349
3348
1169
3347
1168
3346
1167
3345
1166
3344
745
747
1187
3365
1186
3364
1185
3363
1184
3362
1183
3361
1182
3360
1181
1180
3359
3358
1179
753
3357
1178
3356
1177
3355
1190
1198
3376
1197
3375
1196
3374
1195
3373
1194
3372
1193
3371
1192
3370
1191
3369
3368
1189
3367
1188
3366
769
3387
3386
3385
3384
3383
3382
3381
3380
772
774
3379
776
3378
1199
3377
3390
3398
3397
3396
3395
3394
3393
3392
3391
3389
3388
798
3399
348
353
363
366
376
389
2909
2900
2908
2907
2906
2905
2904
2903
2902
2901
58
2911
2910
2919
2918
2917
2916
2915
2914
2913
2912
2922
2921
2920
2929
2928
2927
2926
2925
2924
2923
1602
2933
1601
2932
1600
2931
2930
1609
1608
2939
1607
2938
1606
2937
1605
2936
1604
2935
1603
2934
1613
2944
1612
2943
1611
2942
1610
2941
2940
1619
1618
2949
1617
2948
1616
2947
1615
2946
1614
2945
1624
2955
1623
2954
1622
2953
1621
2952
1620
2951
2950
1629
1628
2959
1627
2958
1626
2957
1625
2956
1635
2966
1634
2965
1633
2964
1632
2963
1631
2962
1630
2961
2960
1639
1638
2969
1637
2968
1636
2967
2980
1646
2977
1645
2976
1644
2975
1643
2974
1642
2973
1641
2972
1640
2971
2970
1649
1648
2979
1647
2978
1660
2991
2990
1657
2988
1656
2987
1655
2986
1654
2985
1653
2984
1652
2983
1651
2982
1650
2981
1659
1658
2989
1671
1670
1668
2999
1667
2998
1666
2997
1665
2996
1664
2995
1663
2994
1662
2993
1661
2992
1669
1682
1681
1680
1679
1678
1677
1676
1675
1674
1673
1672
1693
1692
1691
1690
1689
1205
1688
1204
1687
1203
1202
1686
1685
1201
1200
1684
1683
1209
1208
1207
1220
1217
1216
1215
1699
1214
1698
1213
1697
1696
1212
1211
1695
1210
1694
1219
1218
1231
1230
1228
3406
1227
3405
1226
3404
1225
3403
1224
3402
1223
3401
1222
3400
1221
800
803
804
805
3409
3408
1229
3407
1242
3420
1241
1240
1239
3417
1238
3416
1237
3415
1236
3414
1235
3413
1234
3412
1233
3411
1232
810
3410
811
3419
3418
819
1253
3431
1252
3430
1251
1250
3428
1249
3427
1248
3426
1247
3425
1246
3424
1245
3423
1244
3422
1243
3421
823
825
828
3429
1264
1263
1262
1261
1260
1259
1258
3436
1257
3435
1256
830
3434
1255
3433
1254
3432
1275
1274
1273
1272
1271
1270
1269
1268
840
1267
1266
1265
1286
1285
1284
1283
1282
1281
1280
1279
1278
1277
1276
856
857
858
859
1297
1296
1295
1294
1293
1292
1291
1290
861
862
1289
863
1288
864
1287
865
866
867
868
869
3002
3001
3000
870
871
872
873
874
1299
1298
876
877
878
879
3013
3012
3011
3010
880
881
3009
882
3008
3007
884
3006
885
3005
886
3004
887
3003
888
889
3024
3023
3022
3021
3020
890
893
3019
894
3018
895
3017
896
3016
897
3015
898
414
3014
899
3035
3034
3033
3032
3030
420
3029
3028
3027
3026
3025
428
3046
3045
3044
3043
3042
3041
3040
3039
3038
3037
3036
3057
3056
3055
3054
3053
3052
3051
3050
3049
3048
3047
3060
3068
3067
3066
3065
3064
3063
3062
3061
3059
3058
3070
3079
3078
3077
3076
3075
3074
3073
3072
3069
3082
3081
3080
3089
3088
3087
3086
3085
3084
3083
475
3093
3092
3091
3090
3099
3098
3097
3096
3095
483
3094
484
1701
1700
1709
1708
1707
1706
1705
1704
1703
1702
1712
1711
1710
1719
1718
1717
1716
1715
1714
1713
1723
1722
1721
1720
1729
1728
1727
1726
1725
1724
1734
1733
1732
1731
1730
1739
1738
1737
1736
1735
1745
1744
1743
1742
1741
1740
1749
1748
1747
1746
1756
1755
1754
1753
1752
1751
1750
1759
1758
1757
1770
1767
1766
1765
1764
1763
1762
1761
1760
1769
1768
1781
1780
1778
1777
1776
1775
1774
1773
1772
1771
1779
1792
1791
1790
1789
1305
1304
1788
1303
1787
1786
1302
1785
1301
1300
1784
1783
1782
1309
1308
1307
1306
3981
1316
1799
1315
1798
1314
1313
1797
1796
1312
1795
1311
1794
1310
1793
1319
1318
1317
3990
3991
3992
1330
2661
1327
1326
1325
1324
1323
1322
1321
1320
3982
900
3983
901
902
3985
903
3986
904
3987
1329
905
3988
1328
906
3989
907
908
909
1341
2672
1340
2671
2670
1338
2669
1337
2668
1336
2667
1335
2666
1334
2665
1333
2664
1332
2663
1331
2662
910
3993
3994
912
3995
913
3996
914
3997
915
3998
916
3999
1339
917
919
1352
2683
1351
2682
1350
2681
2680
1349
1348
2679
1347
2678
1346
2677
1345
2676
1344
2675
1343
2674
1342
920
2673
921
922
923
924
925
926
927
928
929
1363
2694
1362
2693
1361
2692
1360
2691
2690
1359
1358
2689
1357
2688
1356
2687
1355
2686
930
1354
2685
931
1353
2684
932
933
934
935
936
937
938
939
1374
1373
1372
1371
1370
1369
1368
2699
1367
2698
1366
940
2697
941
1365
2696
942
1364
2695
943
944
945
946
947
948
949
1385
1384
1383
1382
1381
1380
1379
1378
950
1377
951
952
1376
953
1375
954
955
956
957
958
959
1396
1395
1394
1393
1392
1391
1390
960
1389
961
1388
962
963
1387
964
965
966
967
968
969
3101
3100
970
971
972
1399
973
1398
974
975
1397
976
977
978
979
3112
3111
3110
3109
980
3108
981
3107
982
3106
983
3105
984
3104
985
3103
986
3102
987
988
989
3123
3122
3121
3120
990
991
3119
992
3118
993
3117
994
3116
995
3115
996
3114
997
3113
998
999
517
3134
3133
3132
3131
3130
3129
3128
3127
3126
3125
3124
526
3145
3144
3143
3142
3141
3140
3139
3138
3137
3136
3135
538
4000
4001
4002
4003
3156
3155
3154
3153
3152
3151
3150
3149
3148
3147
3146
4011
4012
4013
4014
3167
3166
3165
3164
3163
3162
3161
3160
3159
3158
3157
4004
4005
4006
4007
4009
3170
4020
4021
4023
4025
3178
3177
3176
3175
3174
3173
3172
3171
563
566
3169
3168
4016
4017
4018
4019
3181
4030
3180
4031
4032
4033
4034
4036
3189
3188
3187
3186
3185
3184
3182
3179
4026
4027
4028
4029
3192
3191
3190
3199
3198
3197
3196
580
3195
3194
3193
4037
107
4038
594
596
1809
1800
1808
1807
1806
1805
1804
1803
1802
1801
1811
1810
1819
1818
1817
1816
1815
1814
1813
1812
1822
1821
1820
1829
1828
1827
1826
1825
1824
1823
171
1833
1832
1831
1830
1839
1838
1837
1836
1835
1844
1843
1842
1841
1840
1849
1848
1847
1846
1845
1855
2702
1854
2701
1853
2700
1852
1851
1850
2709
2708
2707
1859
2706
1858
2705
1857
2704
1856
2703
1866
2713
1865
2712
1864
2711
1863
2710
1862
1861
1860
2719
2718
2717
1869
2716
1868
2715
1867
2714
1880
1877
2724
1876
2723
1875
2722
1874
2721
1873
2720
1872
1871
1870
2729
2728
2727
1879
2726
1878
2725
1891
1890
1404
1888
2735
1887
1403
2734
1402
1886
2733
1885
1401
2732
1884
1400
2731
1883
2730
1882
1881
1409
1408
2739
1407
2738
1406
2737
1889
1405
2736
1899
1415
2746
1898
1414
2745
1413
1897
2744
1412
1896
2743
1895
1411
2742
1410
1894
2741
1893
2740
1892
1419
1418
2749
1417
2748
1416
2747
2760
1426
2757
1425
2756
1424
2755
1423
2754
1422
2753
1421
2752
1420
2751
2750
1429
1428
2759
1427
2758
1440
2771
2770
1437
2768
1436
2767
1435
2766
1434
2765
1433
2764
1432
2763
1431
2762
1430
2761
1439
1438
2769
1451
2782
1450
2781
2780
1448
2779
1447
2778
1446
2777
1445
2776
1444
2775
1443
2774
1442
2773
1441
2772
1449
